Analytical: -5.040329317958
Numeric: -5.040329317958
