a = 1.316496837562065814
b = 1.305096297363074420
c = 1.790962180074062715
A = 0.051464524931584120
Final seed:  499869219
